"species","longitude","latitude","aet","cwd","ppt","tmn","tmx","fvegrec","mam","brd","rep"
"Ixodes pacificus",-236186.46717,427560.509393,46.8637008666992,0,63.4632987976074,0.644999980926514,15.1359996795654,7,64,143,17
"Ixodes pacificus",-221314.344799,426574.44258,43.6803016662598,0,49.1232986450195,0.0769999995827675,14.8819999694824,8,64,140,17
"Ixodes pacificus",-280403.972968,425014.708105,50.7027015686035,0,162.861999511719,1.47800004482269,16.3320007324219,2,65,141,18
"Ixodes pacificus",-107532.288569,334620.390631,38.000301361084,0,63.8967018127441,-1.35669994354248,13.0586996078491,3,60,165,12
"Ixodes pacificus",-203097.327666,333707.602643,62.3053016662598,0.0303000006824732,303.2919921875,3.77130007743835,16.1653003692627,6,61,148,20
"Ixodes pacificus",-203101.535615,333707.709754,62.3053016662598,0.0303000006824732,303.2919921875,3.77130007743835,16.1653003692627,6,61,148,20
"Ixodes pacificus",-202788.691841,333028.031013,55.8147010803223,0.164000004529953,300.559997558594,3.61199998855591,16.0673007965088,7,60,149,20
"Ixodes pacificus",-127184.682875,331180.818228,44.1967010498047,0,61.6102981567383,-0.777999997138977,14.4576997756958,4,65,153,15
"Ixodes pacificus",-189295.754531,327092.905494,60.3582992553711,0,299.192993164062,3.65000009536743,16.9277000427246,8,62,149,20
"Ixodes pacificus",-188690.135647,319821.554856,65.2057037353516,0,280.240997314453,4.44630002975464,17.3313007354736,7,61,154,20
"Ixodes pacificus",-189959.943153,319383.054738,65.7649993896484,0,274.858001708984,4.46299982070923,17.3693008422852,7,61,154,20
"Ixodes pacificus",-240497.147054,318557.219891,48.2402992248535,0,125.233001708984,0.439000010490417,14.673999786377,9,59,156,19
"Ixodes pacificus",-240497.147054,318557.219891,48.2402992248535,0,125.233001708984,0.439000010490417,14.673999786377,9,59,156,19
"Ixodes pacificus",-240450.796264,318526.95034,48.2402992248535,0,125.233001708984,0.439000010490417,14.673999786377,7,59,156,19
"Ixodes pacificus",-240450.880661,318580.261035,48.2402992248535,0,125.233001708984,0.439000010490417,14.673999786377,7,59,156,19
"Ixodes pacificus",-240455.196714,318577.059098,48.2402992248535,0,125.233001708984,0.439000010490417,14.673999786377,7,59,156,19
"Ixodes pacificus",-237154.762291,318456.255412,-9999,-9999,122.986999511719,0.604700028896332,14.4849996566772,7,59,154,19
"Ixodes pacificus",-237154.762291,318456.255412,-9999,-9999,122.986999511719,0.604700028896332,14.4849996566772,7,59,154,19
"Ixodes pacificus",-241049.822129,318365.074911,45.9469985961914,0.724699974060059,127.053001403809,0.38400000333786,14.6090002059937,7,59,156,19
"Ixodes pacificus",-241203.170786,318457.436973,46.6707000732422,0,127.045997619629,0.382999986410141,14.6106996536255,7,59,156,19
"Ixodes pacificus",-241203.170786,318457.436973,46.6707000732422,0,127.045997619629,0.382999986410141,14.6106996536255,7,59,156,19
"Ixodes pacificus",-241203.170786,318457.436973,46.6707000732422,0,127.045997619629,0.382999986410141,14.6106996536255,7,59,156,19
"Ixodes pacificus",-241203.170786,318457.436973,46.6707000732422,0,127.045997619629,0.382999986410141,14.6106996536255,7,59,156,19
"Ixodes pacificus",-241049.822129,318365.074911,45.9469985961914,0.724699974060059,127.053001403809,0.38400000333786,14.6090002059937,7,59,156,19
"Ixodes pacificus",-241052.117553,318372.918262,45.9469985961914,0.724699974060059,127.053001403809,0.38400000333786,14.6090002059937,7,59,156,19
"Ixodes pacificus",-244395.867857,315034.846922,43.5736999511719,0,147.507995605469,0.244299992918968,13.3247003555298,7,59,155,19
"Ixodes pacificus",-195918.394464,311728.299239,65.4727020263672,0,279.375,5.03970003128052,17.4927005767822,7,59,156,20
"Ixodes pacificus",-264323.171171,310995.728232,58.4572982788086,0,120.200996398926,2.32100009918213,17.0109996795654,6,64,139,18
"Ixodes pacificus",-233901.074922,311192.620977,-9999,-9999,113.130996704102,1.51030004024506,14.8393001556396,2,60,160,19
"Ixodes pacificus",-264104.44679,310659.717783,57.7490005493164,0,119.997001647949,2.32100009918213,17.0109996795654,7,64,138,18
"Ixodes pacificus",-237128.433493,306808.313636,54.7400016784668,0,108.231002807617,1.39600002765656,15.430700302124,7,60,161,19
"Ixodes pacificus",-237128.433493,306808.313636,54.7400016784668,0,108.231002807617,1.39600002765656,15.430700302124,7,60,161,19
"Ixodes pacificus",-237128.433493,306808.313636,54.7400016784668,0,108.231002807617,1.39600002765656,15.430700302124,7,60,161,19
"Ixodes pacificus",-237195.64085,305224.237699,-9999,-9999,107.348999023438,1.54030001163483,15.6386995315552,9,60,159,19
"Ixodes pacificus",-236952.919299,303970.842513,55.5416984558105,0,106.680000305176,1.71770000457764,15.8556995391846,9,60,161,19
"Ixodes pacificus",-222177.666507,296125.736456,57.9020004272461,4.42000007629395,197.477996826172,3.44169998168945,16.9146995544434,6,59,155,19
"Ixodes pacificus",-222177.666507,296125.736456,57.9020004272461,4.42000007629395,197.477996826172,3.44169998168945,16.9146995544434,6,59,155,19
"Ixodes pacificus",-254733.447477,290788.824675,41.6646995544434,0,136.113998413086,0.418700009584427,12.3009996414185,7,62,148,19
"Ixodes pacificus",-206952.189846,290504.677966,62.9370002746582,4.01300001144409,157.210006713867,6.16429996490479,18.7280006408691,8,54,150,20
"Ixodes pacificus",-247721.339188,289781.609398,51.3953018188477,0,114.851997375488,1.25569999217987,15.7049999237061,2,60,151,19
"Ixodes pacificus",-201473.686636,289070.148021,67.2799987792969,0,150.059005737305,6.23129987716675,18.9563007354736,6,46,153,16
"Ixodes pacificus",-258467.687606,288925.258888,40.6360015869141,0,132.996002197266,-0.275000005960464,13.305700302124,7,63,146,19
"Ixodes pacificus",-195781.4618,271642.548528,66.576301574707,0.34400001168251,115.063003540039,5.82870006561279,18.4536991119385,6,44,146,16
"Ixodes pacificus",-190221.003769,270649.317194,66.3150024414062,0.270999997854233,101.456001281738,5.59100008010864,18.3752994537354,11,43,147,16
"Ixodes pacificus",-342785.753491,265053.547658,61.1946983337402,0,209.77799987793,4.67199993133545,15.2270002365112,7,57,151,15
"Ixodes pacificus",-274855.737038,264495.214446,41.0536994934082,0,230.615997314453,-0.0746999979019165,11.2170000076294,7,59,139,18
"Ixodes pacificus",-251498.219892,263569.231708,44.6217002868652,0,140.014007568359,0.64630001783371,14.3172998428345,7,61,141,18
"Ixodes pacificus",-307449.708242,245898.158696,61.4586982727051,0,173.156997680664,4.52799987792969,15.9017000198364,2,52,148,18
"Ixodes pacificus",-340432.883515,243020.429782,62.5180015563965,0,225.378005981445,4.60869979858398,15.7926998138428,7,56,161,15
"Ixodes pacificus",-312035.870909,235925.36851,60.2402992248535,0,265.989990234375,3.70000004768372,14.0939998626709,7,53,150,18
"Ixodes pacificus",-150104.306524,207406.867081,66.2873001098633,5.2923002243042,199.091995239258,5.85069990158081,16.2716999053955,2,48,170,17
"Ixodes pacificus",-150104.306524,207406.867081,66.2873001098633,5.2923002243042,199.091995239258,5.85069990158081,16.2716999053955,2,48,170,17
"Ixodes pacificus",-150104.306524,207406.867081,66.2873001098633,5.2923002243042,199.091995239258,5.85069990158081,16.2716999053955,2,48,170,17
"Ixodes pacificus",-138376.189906,190047.057607,68.7313003540039,5.13530015945435,188.759002685547,6.9032998085022,16.7840003967285,2,50,174,17
"Ixodes pacificus",-78390.4143421,169872.146976,57.6790008544922,0,238.981994628906,0.864700019359589,15.3156995773315,7,56,119,18
"Ixodes pacificus",-124567.58604,168215.012192,72.3732986450195,0,167.432006835938,6.80100011825562,17.5832996368408,6,50,173,18
"Ixodes pacificus",-84494.8782572,166821.703651,60.2713012695312,0,230.192993164062,2.16199994087219,16.2602996826172,7,57,124,19
"Ixodes pacificus",-253085.57462,162978.255839,54.5779991149902,0,168.977005004883,0.962300002574921,16.88330078125,2,55,150,19
"Ixodes pacificus",-252575.64012,162552.192708,53.5579986572266,0.354299992322922,169.990005493164,0.895699977874756,16.8689994812012,8,55,150,19
"Ixodes pacificus",-252745.209275,162300.629987,54.3787002563477,0,167.582000732422,0.982699990272522,16.9729995727539,6,55,150,19
"Ixodes pacificus",-92226.6892964,158626.458182,68.9467010498047,0,213.796997070312,2.83599996566772,16.2446994781494,6,57,132,19
"Ixodes pacificus",-95490.6913012,157407.12659,-9999,-9999,229.638000488281,3.39969992637634,16.7472991943359,7,56,133,19
"Ixodes pacificus",-97813.4723464,155402.02944,64.0363006591797,0,253.151000976562,2.70269989967346,15.524299621582,7,56,140,19
"Ixodes pacificus",-79085.7767401,150498.080157,55.1829986572266,0,236.169006347656,1.19930005073547,13.9980001449585,7,58,124,20
"Ixodes pacificus",-113364.976481,150335.408247,71.5630035400391,0,167.641998291016,5.05600023269653,17.1783008575439,9,49,173,18
"Ixodes pacificus",-233525.188212,149734.685176,57.3876991271973,0,135.151992797852,3.49530005455017,13.6549997329712,7,58,145,18
"Ixodes pacificus",-85007.5064384,146467.840627,63.7299995422363,0,219.770004272461,2.9407000541687,16.4253005981445,5,57,132,20
"Ixodes pacificus",-85007.5064384,146467.840627,63.7299995422363,0,219.770004272461,2.9407000541687,16.4253005981445,5,57,132,20
"Ixodes pacificus",-102959.828057,142395.577394,75.1269989013672,0,141.617004394531,5.8882999420166,18.6716995239258,5,48,170,19
"Ixodes pacificus",-94379.1055959,142369.748701,67.3963012695312,0,188.307998657227,4.58529996871948,16.9983005523682,7,56,142,22
"Ixodes pacificus",-102743.837151,142573.57294,75.9152984619141,0,144.929000854492,5.77869987487793,18.5139999389648,2,48,168,19
"Ixodes pacificus",-102743.789638,142577.35112,75.9152984619141,0,144.929000854492,5.77869987487793,18.5139999389648,2,48,168,19
"Ixodes pacificus",-120731.371217,135781.187054,71.7673034667969,3.94269990921021,104.782997131348,7.23299980163574,18.8139991760254,6,44,165,18
"Ixodes pacificus",-181672.295956,134556.610466,74.0102996826172,0.146300002932549,61.0750007629395,6.49469995498657,19.3939990997314,11,33,167,10
"Ixodes pacificus",-181672.295956,134556.610466,74.0102996826172,0.146300002932549,61.0750007629395,6.49469995498657,19.3939990997314,11,33,167,10
"Ixodes pacificus",-90274.3127503,132419.61116,63.2167015075684,0,214.10400390625,2.62069988250732,14.6323003768921,7,56,140,22
"Ixodes pacificus",-249490.342137,117859.448937,-9999,-9999,115.099998474121,2.80830001831055,17.4382991790771,9,48,178,19
"Ixodes pacificus",-243346.597064,114929.36175,63.6946983337402,0.862999975681305,113.689002990723,2.83170008659363,17.3637008666992,6,49,163,19
"Ixodes pacificus",-243346.597064,114929.36175,63.6946983337402,0.862999975681305,113.689002990723,2.83170008659363,17.3637008666992,6,49,163,19
"Ixodes pacificus",-243345.765376,114928.225131,63.6946983337402,0.862999975681305,113.689002990723,2.83170008659363,17.3637008666992,6,49,163,19
"Ixodes pacificus",-208856.042592,112908.579571,71.8270034790039,0,85.8966979980469,5.43830013275146,17.7252998352051,6,48,147,17
"Ixodes pacificus",-218295.147897,110099.090405,66.6780014038086,0,105.057998657227,3.06229996681213,17.7106990814209,6,50,165,18
"Ixodes pacificus",-239836.037551,108520.160196,70.9203033447266,0.0293000005185604,170.434005737305,4.61129999160767,15.2833003997803,8,48,164,19
"Ixodes pacificus",-239836.037551,108520.160196,70.9203033447266,0.0293000005185604,170.434005737305,4.61129999160767,15.2833003997803,8,48,164,19
"Ixodes pacificus",-239836.037551,108520.160196,70.9203033447266,0.0293000005185604,170.434005737305,4.61129999160767,15.2833003997803,8,48,164,19
"Ixodes pacificus",-239836.037551,108520.160196,70.9203033447266,0.0293000005185604,170.434005737305,4.61129999160767,15.2833003997803,8,48,164,19
"Ixodes pacificus",-82821.2099436,107379.420631,71.0896987915039,0,150.651000976562,4.86600017547607,16.628999710083,8,54,140,22
"Ixodes pacificus",-82821.2099436,107379.420631,71.0896987915039,0,150.651000976562,4.86600017547607,16.628999710083,8,54,140,22
"Ixodes pacificus",-82821.2099436,107379.420631,71.0896987915039,0,150.651000976562,4.86600017547607,16.628999710083,8,54,140,22
"Ixodes pacificus",-82821.2099436,107379.420631,71.0896987915039,0,150.651000976562,4.86600017547607,16.628999710083,8,54,140,22
"Ixodes pacificus",-82821.2099436,107379.420631,71.0896987915039,0,150.651000976562,4.86600017547607,16.628999710083,8,54,140,22
"Ixodes pacificus",-82821.2099436,107379.420631,71.0896987915039,0,150.651000976562,4.86600017547607,16.628999710083,8,54,140,22
"Ixodes pacificus",-251644.484594,105928.2026,65.1707000732422,0,133.401000976562,3.30229997634888,16.8572998046875,8,48,170,18
"Ixodes pacificus",-228379.746595,103485.464196,-9999,-9999,106.403999328613,2.47399997711182,17.047700881958,6,48,176,19
"Ixodes pacificus",-224136.674703,103873.318673,62.5126991271973,0,110.602996826172,2.11730003356934,16.9283008575439,11,50,172,18
"Ixodes pacificus",-86098.058665,103266.048915,73.1220016479492,0,141.093002319336,5.17729997634888,16.6912994384766,7,54,141,22
"Ixodes pacificus",-86098.058665,103266.048915,73.1220016479492,0,141.093002319336,5.17729997634888,16.6912994384766,7,54,141,22
"Ixodes pacificus",-86098.058665,103266.048915,73.1220016479492,0,141.093002319336,5.17729997634888,16.6912994384766,7,54,141,22
"Ixodes pacificus",-257651.507847,102755.164079,62.7196998596191,5.7133002281189,157.764999389648,5.23000001907349,14.8330001831055,8,52,156,18
"Ixodes pacificus",-257651.507847,102755.164079,62.7196998596191,5.7133002281189,157.764999389648,5.23000001907349,14.8330001831055,8,52,156,18
"Ixodes pacificus",-257654.832186,102759.716536,62.7196998596191,5.7133002281189,157.764999389648,5.23000001907349,14.8330001831055,8,52,156,18
"Ixodes pacificus",-257654.832186,102759.716536,62.7196998596191,5.7133002281189,157.764999389648,5.23000001907349,14.8330001831055,8,52,156,18
"Ixodes pacificus",-89747.6093761,100628.542196,69.2953033447266,7.57800006866455,139.628997802734,6.43200016021729,17.676700592041,6,52,143,22
"Ixodes pacificus",-89747.6093761,100628.542196,69.2953033447266,7.57800006866455,139.628997802734,6.43200016021729,17.676700592041,6,52,143,22
"Ixodes pacificus",-89957.0460493,100884.266387,77.3767013549805,0,140.130004882812,6.26100015640259,17.5907001495361,7,52,143,22
"Ixodes pacificus",-66506.9249488,98165.5010601,69.2679977416992,0,208.246002197266,3.53130006790161,14.6960000991821,7,57,133,21
"Ixodes pacificus",-70912.7510062,95489.1008974,70.7300033569336,1.06299996376038,170.27099609375,3.88000011444092,16.0666999816895,7,57,139,22
"Ixodes pacificus",-235572.398691,94349.4347954,65.7190017700195,0.232999995350838,197.488998413086,4.50430011749268,14.4816999435425,7,48,163,19
"Ixodes pacificus",-194487.713568,92721.9603803,68.9623031616211,3.36199998855591,83.6989974975586,5.05130004882812,17.270299911499,2,46,144,17
"Ixodes pacificus",-194487.713568,92721.9603803,68.9623031616211,3.36199998855591,83.6989974975586,5.05130004882812,17.270299911499,2,46,144,17
"Ixodes pacificus",-194487.713568,92721.9603803,68.9623031616211,3.36199998855591,83.6989974975586,5.05130004882812,17.270299911499,2,46,144,17
"Ixodes pacificus",-194487.713568,92721.9603803,68.9623031616211,3.36199998855591,83.6989974975586,5.05130004882812,17.270299911499,2,46,144,17
"Ixodes pacificus",-194487.713568,92721.9603803,68.9623031616211,3.36199998855591,83.6989974975586,5.05130004882812,17.270299911499,2,46,144,17
"Ixodes pacificus",-82072.2233723,90238.5999913,75.9592971801758,0.825999975204468,126.250999450684,6.04129981994629,17.7532997131348,2,49,170,19
"Ixodes pacificus",-83233.584123,89984.6089867,76.2512969970703,0,126.345001220703,6.05800008773804,17.7812995910645,6,49,172,19
"Ixodes pacificus",-83233.584123,89984.6089867,76.2512969970703,0,126.345001220703,6.05800008773804,17.7812995910645,6,49,172,19
"Ixodes pacificus",-79959.2996959,89083.9829822,77.4266967773438,0,125.65299987793,6.18370008468628,17.7852993011475,6,51,170,19
"Ixodes pacificus",-77526.4308728,87662.3356696,75.6076965332031,0,127.459999084473,6.02600002288818,17.68869972229,6,50,169,19
"Ixodes pacificus",-77526.4308728,87662.3356696,75.6076965332031,0,127.459999084473,6.02600002288818,17.68869972229,6,50,169,19
"Ixodes pacificus",-77526.4308728,87662.3356696,75.6076965332031,0,127.459999084473,6.02600002288818,17.68869972229,6,50,169,19
"Ixodes pacificus",-77526.4308728,87662.3356696,75.6076965332031,0,127.459999084473,6.02600002288818,17.68869972229,6,50,169,19
"Ixodes pacificus",-96397.4527195,86784.7216305,75.7102966308594,2.06629991531372,110.120002746582,6.61969995498657,17.9447002410889,6,49,167,19
"Ixodes pacificus",-34504.5795736,86859.1495737,55.1277008056641,0,221.111999511719,1.0547000169754,12.2053003311157,7,55,119,17
"Ixodes pacificus",-37890.1875451,84584.2825215,63.1689987182617,0,207.115997314453,1.48230004310608,15.0733003616333,5,56,125,17
"Ixodes pacificus",-90573.9220149,84427.543186,-9999,-9999,115.410003662109,6.46969985961914,18.0016994476318,9,48,171,19
"Ixodes pacificus",-90593.3580816,84396.6324347,-9999,-9999,115.410003662109,6.46969985961914,18.0016994476318,9,48,171,19
"Ixodes pacificus",-90578.2858998,84425.3680294,-9999,-9999,115.410003662109,6.46969985961914,18.0016994476318,9,48,171,19
"Ixodes pacificus",-90965.0913367,84454.0903316,-9999,-9999,115.315002441406,6.53030014038086,18.0466995239258,6,48,172,19
"Ixodes pacificus",-90965.0913367,84454.0903316,-9999,-9999,115.315002441406,6.53030014038086,18.0466995239258,6,48,172,19
"Ixodes pacificus",-90516.7874155,84729.2687404,74.8526992797852,1.37070000171661,118.640998840332,6.25099992752075,17.7817001342773,8,49,169,19
"Ixodes pacificus",-90966.8270969,84454.1095212,-9999,-9999,115.315002441406,6.53030014038086,18.0466995239258,6,48,172,19
"Ixodes pacificus",-90420.0624516,84448.0829148,73.8187026977539,0.0303000006824732,118.176002502441,6.17770004272461,17.7353000640869,5,49,169,19
"Ixodes pacificus",-90420.0624516,84448.0829148,73.8187026977539,0.0303000006824732,118.176002502441,6.17770004272461,17.7353000640869,5,49,169,19
"Ixodes pacificus",-90627.8299744,84340.3205789,-9999,-9999,115.410003662109,6.46969985961914,18.0016994476318,6,48,169,19
"Ixodes pacificus",-90516.7874155,84729.2687404,74.8526992797852,1.37070000171661,118.640998840332,6.25099992752075,17.7817001342773,8,49,169,19
"Ixodes pacificus",-90966.8270969,84454.1095212,-9999,-9999,115.315002441406,6.53030014038086,18.0466995239258,6,48,172,19
"Ixodes pacificus",-90966.8270969,84454.1095212,-9999,-9999,115.315002441406,6.53030014038086,18.0466995239258,6,48,172,19
"Ixodes pacificus",-41759.5428065,83324.7350345,58.515998840332,0,204.511001586914,1.91600000858307,16.1797008514404,7,56,125,17
"Ixodes pacificus",-96439.4023216,83056.890454,73.9390029907227,3.00099992752075,107.299003601074,6.82800006866455,17.9622993469238,6,47,166,19
"Ixodes pacificus",-61633.378214,76802.3835875,70.4359970092773,0,157.546005249023,4.02769994735718,15.9503002166748,7,56,138,22
"Ixodes pacificus",-225969.492805,73834.3904774,69.8526992797852,0,177.789993286133,5.00899982452393,15.548999786377,7,45,177,18
"Ixodes pacificus",-103198.717065,71004.2448825,78.2900009155273,0,96.5766983032227,7.23330020904541,18.5440006256104,6,39,167,14
"Ixodes pacificus",-103198.717065,71004.2448825,78.2900009155273,0,96.5766983032227,7.23330020904541,18.5440006256104,6,39,167,14
"Ixodes pacificus",-103198.717065,71004.2448825,78.2900009155273,0,96.5766983032227,7.23330020904541,18.5440006256104,6,39,167,14
"Ixodes pacificus",-103198.717065,71004.2448825,78.2900009155273,0,96.5766983032227,7.23330020904541,18.5440006256104,6,39,167,14
"Ixodes pacificus",-103198.717065,71004.2448825,78.2900009155273,0,96.5766983032227,7.23330020904541,18.5440006256104,6,39,167,14
"Ixodes pacificus",-105311.714472,70949.600744,79.2033004760742,0,94.632698059082,7.21000003814697,18.5496997833252,2,38,168,14
"Ixodes pacificus",-105311.714472,70949.600744,79.2033004760742,0,94.632698059082,7.21000003814697,18.5496997833252,2,38,168,14
"Ixodes pacificus",-105311.714472,70949.600744,79.2033004760742,0,94.632698059082,7.21000003814697,18.5496997833252,2,38,168,14
"Ixodes pacificus",-212577.486806,63370.3879895,73.2156982421875,0,144.039001464844,4.93930006027222,16.2110004425049,7,47,174,18
"Ixodes pacificus",-219515.602213,62440.114793,73.9749984741211,0,134.718994140625,5.37930011749268,18.9909992218018,11,46,172,17
"Ixodes pacificus",-220172.491164,62102.8953714,73.9933013916016,0,138.677001953125,5.65700006484985,18.6723003387451,7,46,173,17
"Ixodes pacificus",-220172.491164,62102.8953714,73.9933013916016,0,138.677001953125,5.65700006484985,18.6723003387451,7,46,173,17
"Ixodes pacificus",-219942.185536,62117.880438,74.1699981689453,0,136.789001464844,5.60069990158081,18.7467002868652,6,46,173,17
"Ixodes pacificus",-219942.185536,62117.880438,74.1699981689453,0,136.789001464844,5.60069990158081,18.7467002868652,6,46,173,17
"Ixodes pacificus",-219942.185536,62117.880438,74.1699981689453,0,136.789001464844,5.60069990158081,18.7467002868652,6,46,173,17
"Ixodes pacificus",-218365.82377,61464.4193477,75.7627029418945,0,131.410003662109,5.52299976348877,18.9440002441406,11,46,171,17
"Ixodes pacificus",-218365.82377,61464.4193477,75.7627029418945,0,131.410003662109,5.52299976348877,18.9440002441406,11,46,171,17
"Ixodes pacificus",-218343.125607,61005.6822679,75.081298828125,0,131.906005859375,5.55700016021729,18.8673000335693,6,46,171,17
"Ixodes pacificus",-218343.125607,61005.6822679,75.081298828125,0,131.906005859375,5.55700016021729,18.8673000335693,6,46,171,17
"Ixodes pacificus",-186941.293779,55144.3590734,73.1647033691406,0,107.083000183105,4.79530000686646,18.2759990692139,6,45,161,17
"Ixodes pacificus",-176751.738477,54875.4940982,78.0500030517578,0,90.3290023803711,6.74030017852783,19.4750003814697,6,35,170,12
"Ixodes pacificus",-231237.869278,51217.3957569,72.565299987793,1.72469997406006,122.38200378418,5.80130004882812,18.5646991729736,6,46,174,15
"Ixodes pacificus",-231237.869278,51217.3957569,72.565299987793,1.72469997406006,122.38200378418,5.80130004882812,18.5646991729736,6,46,174,15
"Ixodes pacificus",-43626.8170819,47874.7835972,68.9322967529297,0,187.365997314453,2.84870004653931,16.2966995239258,7,58,133,17
"Ixodes pacificus",-43626.8170819,47874.7835972,68.9322967529297,0,187.365997314453,2.84870004653931,16.2966995239258,7,58,133,17
"Ixodes pacificus",-55923.9542294,45614.2892621,75.7873001098633,0,156.860992431641,4.65630006790161,16.0016994476318,2,55,142,21
"Ixodes pacificus",-55923.9542294,45614.2892621,75.7873001098633,0,156.860992431641,4.65630006790161,16.0016994476318,2,55,142,21
"Ixodes pacificus",-94541.1744935,42697.3511526,77.3793029785156,3.0806999206543,83.2976989746094,7.04099988937378,18.5482997894287,2,35,164,14
"Ixodes pacificus",-57001.1282705,42164.4261345,79.9953002929688,0.601000010967255,158.572006225586,6.08300018310547,16.0783004760742,6,53,141,21
"Ixodes pacificus",-57001.1282705,42164.4261345,79.9953002929688,0.601000010967255,158.572006225586,6.08300018310547,16.0783004760742,6,53,141,21
"Ixodes pacificus",-46257.1475764,40571.0720344,73.5869979858398,0,150.72200012207,3.34270000457764,15.9593000411987,11,56,135,20
"Ixodes pacificus",-219949.576676,40222.6911218,77.0532989501953,0,116.430999755859,5.41569995880127,18.9542999267578,6,45,175,15
"Ixodes pacificus",-221852.063724,39283.7867239,74.746696472168,0,145.001007080078,6.10430002212524,17.7700004577637,6,45,178,15
"Ixodes pacificus",-221852.063724,39283.7867239,74.746696472168,0,145.001007080078,6.10430002212524,17.7700004577637,6,45,178,15
"Ixodes pacificus",-221852.063724,39283.7867239,74.746696472168,0,145.001007080078,6.10430002212524,17.7700004577637,6,45,178,15
"Ixodes pacificus",-221852.063724,39283.7867239,74.746696472168,0,145.001007080078,6.10430002212524,17.7700004577637,6,45,178,15
"Ixodes pacificus",-221852.063724,39283.7867239,74.746696472168,0,145.001007080078,6.10430002212524,17.7700004577637,6,45,178,15
"Ixodes pacificus",-221852.063724,39283.7867239,74.746696472168,0,145.001007080078,6.10430002212524,17.7700004577637,6,45,178,15
"Ixodes pacificus",-221852.063724,39283.7867239,74.746696472168,0,145.001007080078,6.10430002212524,17.7700004577637,6,45,178,15
"Ixodes pacificus",-221852.063724,39283.7867239,74.746696472168,0,145.001007080078,6.10430002212524,17.7700004577637,6,45,178,15
"Ixodes pacificus",-48631.3270139,37897.8396284,74.74169921875,0,152.445999145508,4.13800001144409,15.7589998245239,7,56,139,20
"Ixodes pacificus",-199729.568117,33660.7528091,77.11669921875,0,96.0989990234375,6.16200017929077,18.9827003479004,5,45,173,15
"Ixodes pacificus",-63711.6741267,32508.5797709,76.3040008544922,0,115.137001037598,5.12270021438599,18.5333003997803,6,47,168,18
"Ixodes pacificus",-75624.1480692,30129.7529105,65.1579971313477,15.1420001983643,96.3000030517578,6.87900018692017,18.2126998901367,9,42,167,19
"Ixodes pacificus",-75427.9222171,29227.497066,69.5876998901367,11.5389995574951,95.507698059082,6.94299983978271,18.2362995147705,9,42,168,19
"Ixodes pacificus",-75427.9222171,29227.497066,69.5876998901367,11.5389995574951,95.507698059082,6.94299983978271,18.2362995147705,9,42,168,19
"Ixodes pacificus",-49098.0655372,28362.5908005,76.5442962646484,0,143.541000366211,4.24900007247925,15.6370000839233,7,55,137,20
"Ixodes pacificus",-186413.36034,27904.2376462,66.1989974975586,13.2842998504639,86.5299987792969,6.61929988861084,19.1103000640869,6,46,172,15
"Ixodes pacificus",-76179.3066383,25432.3906321,72.911003112793,6.90899991989136,89.5246963500977,6.78170013427734,18.4533004760742,6,42,166,18
"Ixodes pacificus",-76179.3066383,25432.3906321,72.911003112793,6.90899991989136,89.5246963500977,6.78170013427734,18.4533004760742,6,42,166,18
"Ixodes pacificus",-76179.3066383,25432.3906321,72.911003112793,6.90899991989136,89.5246963500977,6.78170013427734,18.4533004760742,6,42,166,18
"Ixodes pacificus",-76179.3066383,25432.3906321,72.911003112793,6.90899991989136,89.5246963500977,6.78170013427734,18.4533004760742,6,42,166,18
"Ixodes pacificus",-80881.787691,22808.8710102,79.7006988525391,0.78930002450943,87.7990036010742,6.52430009841919,18.887300491333,2,37,166,14
"Ixodes pacificus",-80881.787691,22808.8710102,79.7006988525391,0.78930002450943,87.7990036010742,6.52430009841919,18.887300491333,2,37,166,14
"Ixodes pacificus",-194645.125281,5687.85316579,68.274299621582,6.76900005340576,80.5800018310547,6.87470006942749,18.6119995117188,2,46,194,14
"Ixodes pacificus",-19408.86914,4661.58183355,52.2212982177734,0,170.546005249023,0.617999970912933,12.7672996520996,7,59,138,18
"Ixodes pacificus",-35084.5670362,2298.43684203,73.8632965087891,0,145.524993896484,3.25699996948242,15.9743003845215,6,55,142,20
"Ixodes pacificus",-35084.5670362,2298.43684203,73.8632965087891,0,145.524993896484,3.25699996948242,15.9743003845215,6,55,142,20
"Ixodes pacificus",-35084.5670362,2298.43684203,73.8632965087891,0,145.524993896484,3.25699996948242,15.9743003845215,6,55,142,20
"Ixodes pacificus",-229844.790233,-2794.23088201,66.7527008056641,8.29730033874512,165.266006469727,6.34770011901855,17.0837001800537,2,52,197,15
"Ixodes pacificus",-229844.790233,-2794.23088201,66.7527008056641,8.29730033874512,165.266006469727,6.34770011901855,17.0837001800537,2,52,197,15
"Ixodes pacificus",-229844.790233,-2794.23088201,66.7527008056641,8.29730033874512,165.266006469727,6.34770011901855,17.0837001800537,2,52,197,15
"Ixodes pacificus",-229844.790233,-2794.23088201,66.7527008056641,8.29730033874512,165.266006469727,6.34770011901855,17.0837001800537,2,52,197,15
"Ixodes pacificus",-229844.790233,-2794.23088201,66.7527008056641,8.29730033874512,165.266006469727,6.34770011901855,17.0837001800537,2,52,197,15
"Ixodes pacificus",-186379.982863,-4514.10231352,76.4567031860352,0,84.2050018310547,6.88570022583008,17.8619995117188,2,46,191,15
"Ixodes pacificus",-186379.982863,-4514.10231352,76.4567031860352,0,84.2050018310547,6.88570022583008,17.8619995117188,2,46,191,15
"Ixodes pacificus",-186379.982863,-4514.10231352,76.4567031860352,0,84.2050018310547,6.88570022583008,17.8619995117188,2,46,191,15
"Ixodes pacificus",-238057.135533,-4065.21193705,76.6532974243164,0,101.429000854492,7.76200008392334,17.1509990692139,2,54,199,15
"Ixodes pacificus",-202724.211095,-4892.82762439,74.5979995727539,1.07200002670288,94.2767028808594,7.56330013275146,17.5657005310059,2,49,199,17
"Ixodes pacificus",-189865.899546,-8102.6039799,70.6713027954102,5.11199998855591,107.194000244141,6.17229986190796,17.125,6,46,188,17
"Ixodes pacificus",-199180.417978,-9141.39172557,68.4047012329102,6.93529987335205,101.431999206543,7.22370004653931,17.2823009490967,4,48,195,18
"Ixodes pacificus",-199180.417978,-9141.39172557,68.4047012329102,6.93529987335205,101.431999206543,7.22370004653931,17.2823009490967,4,48,195,18
"Ixodes pacificus",-198797.722376,-9628.69668665,75.2799987792969,0,102.206001281738,7.23169994354248,17.2833003997803,6,48,194,19
"Ixodes pacificus",-197184.349518,-10076.2884613,68.2669982910156,6.35970020294189,114.25700378418,7.49770021438599,16.2322998046875,2,48,189,17
"Ixodes pacificus",-198303.99412,-9918.47204578,68.1346969604492,6.70529985427856,104.221000671387,7.20800018310547,17.0002994537354,6,48,192,18
"Ixodes pacificus",-198446.736032,-10195.2899084,74.2693023681641,0.00400000018998981,102.741996765137,7.22100019454956,17.0972995758057,6,48,192,18
"Ixodes pacificus",-198446.736032,-10195.2899084,74.2693023681641,0.00400000018998981,102.741996765137,7.22100019454956,17.0972995758057,6,48,192,18
"Ixodes pacificus",-198458.525961,-10137.1855621,74.2693023681641,0.00400000018998981,102.741996765137,7.22100019454956,17.0972995758057,6,48,192,18
"Ixodes pacificus",-197184.349518,-10076.2884613,68.2669982910156,6.35970020294189,114.25700378418,7.49770021438599,16.2322998046875,2,48,189,17
"Ixodes pacificus",-197578.951565,-11158.8966977,74.1066970825195,0,111.234001159668,7.32270002365112,16.5177001953125,9,48,190,17
"Ixodes pacificus",-197353.75502,-11331.0362749,74.5466995239258,0.0266999993473291,112.764999389648,7.32000017166138,16.4167003631592,4,48,190,17
"Ixodes pacificus",-197294.824932,-11439.1834523,75.0066986083984,0,115.569000244141,7.41029977798462,16.2339992523193,4,48,190,17
"Ixodes pacificus",-197294.824932,-11439.1834523,75.0066986083984,0,115.569000244141,7.41029977798462,16.2339992523193,4,48,190,17
"Ixodes pacificus",-195280.091269,-12580.5417771,75.6212997436523,0.112000003457069,132.035003662109,7.40000009536743,15.6443004608154,8,47,190,17
"Ixodes pacificus",-195111.51722,-12851.7016659,76.0073013305664,0.152700006961823,132.751998901367,7.48299980163574,15.4689998626709,8,47,189,17
"Ixodes pacificus",-222332.895307,-16350.5947949,74.7617034912109,4.09499979019165,124.127998352051,7.50629997253418,16.6310005187988,8,52,204,15
"Ixodes pacificus",-197294.810371,-18115.5182579,70.4690017700195,6.56769990921021,88.6072998046875,8.61600017547607,17.4223003387451,5,47,194,16
"Ixodes pacificus",-192225.126874,-18634.3455861,70.0593032836914,6.49730014801025,124.093002319336,7.56699991226196,16.1200008392334,7,48,188,17
"Ixodes pacificus",-190425.861657,-20310.2447271,70.9520034790039,6.84469985961914,123.522003173828,7.48129987716675,16.1516990661621,7,48,188,17
"Ixodes pacificus",-190994.363735,-20174.9182063,70.9872970581055,6.76929998397827,125.036003112793,7.58300018310547,16.149299621582,8,48,188,17
"Ixodes pacificus",-190994.363735,-20174.9182063,70.9872970581055,6.76929998397827,125.036003112793,7.58300018310547,16.149299621582,8,48,188,17
"Ixodes pacificus",-190425.861657,-20310.2447271,70.9520034790039,6.84469985961914,123.522003173828,7.48129987716675,16.1516990661621,7,48,188,17
"Ixodes pacificus",-191263.650317,-20413.3731194,77.8399963378906,0.713299989700317,123.639999389648,7.49130010604858,16.1030006408691,7,48,188,17
"Ixodes pacificus",-185042.873641,-30961.5966538,74.1532974243164,2.62330007553101,95.0982971191406,7.33930015563965,17.4207000732422,6,47,189,17
"Ixodes pacificus",-185042.873641,-30961.5966538,74.1532974243164,2.62330007553101,95.0982971191406,7.33930015563965,17.4207000732422,6,47,189,17
"Ixodes pacificus",-185017.457818,-31006.6378131,74.1532974243164,2.62330007553101,95.0982971191406,7.33930015563965,17.4207000732422,6,47,189,17
"Ixodes pacificus",-185110.394921,-31226.9641545,76.879997253418,0,90.882698059082,7.58669996261597,17.4860000610352,2,47,189,17
"Ixodes pacificus",19554.1433724,-37703.831707,77.9400024414062,0,143.445007324219,4.03800010681152,16.3582992553711,6,63,128,17
"Ixodes pacificus",-178348.921657,-40747.6780836,73.9329986572266,2.73370003700256,98.9057006835938,6.78830003738403,17.059700012207,2,49,182,17
"Ixodes pacificus",-178391.943014,-41936.8389706,72.38330078125,5.94329977035522,88.9690017700195,7.18499994277954,17.5673007965088,2,49,183,17
"Ixodes pacificus",-139987.061508,-42145.6919749,57.0273017883301,18.5527000427246,59.5460014343262,7.21500015258789,16.6089992523193,6,46,152,24
"Ixodes pacificus",-139987.061508,-42145.6919749,57.0273017883301,18.5527000427246,59.5460014343262,7.21500015258789,16.6089992523193,6,46,152,24
"Ixodes pacificus",-139987.061508,-42145.6919749,57.0273017883301,18.5527000427246,59.5460014343262,7.21500015258789,16.6089992523193,6,46,152,24
"Ixodes pacificus",-139987.061508,-42145.6919749,57.0273017883301,18.5527000427246,59.5460014343262,7.21500015258789,16.6089992523193,6,46,152,24
"Ixodes pacificus",-136865.3353,-42136.0422403,66.5017013549805,10.0183000564575,44.7843017578125,7.0922999382019,17.0727005004883,2,46,151,24
"Ixodes pacificus",-166316.985035,-42519.1702624,72.6616973876953,6.44500017166138,86.318000793457,6.63899993896484,17.3747005462646,2,48,159,22
"Ixodes pacificus",-131453.260528,-42628.9756002,61.1992988586426,17.0272998809814,32.2309989929199,5.97429990768433,18.1480007171631,2,44,146,24
"Ixodes pacificus",-220546.763176,-49292.5352811,72.904296875,1.80569994449615,116.34700012207,7.58470010757446,15.7119998931885,2,47,189,19
"Ixodes pacificus",28437.2541272,-52107.6986075,61.1176986694336,0,147.97900390625,0.751999974250793,13.4933004379272,7,62,124,17
"Ixodes pacificus",-202355.494038,-57383.9922541,67.7036972045898,10.6662998199463,98.8332977294922,6.1616997718811,18.3419990539551,8,51,197,19
"Ixodes pacificus",-201352.216459,-57991.4123161,78.1466979980469,0,90.8877029418945,6.7020001411438,18.7313003540039,8,49,190,18
"Ixodes pacificus",-201352.216459,-57991.4123161,78.1466979980469,0,90.8877029418945,6.7020001411438,18.7313003540039,8,49,190,18
"Ixodes pacificus",-201352.216459,-57991.4123161,78.1466979980469,0,90.8877029418945,6.7020001411438,18.7313003540039,8,49,190,18
"Ixodes pacificus",-201352.216459,-57991.4123161,78.1466979980469,0,90.8877029418945,6.7020001411438,18.7313003540039,8,49,190,18
"Ixodes pacificus",-201464.551401,-58327.6357963,75.7146987915039,0.86870002746582,98.1740036010742,6.22399997711182,18.6177005767822,6,51,196,19
"Ixodes pacificus",-201464.551401,-58327.6357963,75.7146987915039,0.86870002746582,98.1740036010742,6.22399997711182,18.6177005767822,6,51,196,19
"Ixodes pacificus",-201464.551401,-58327.6357963,75.7146987915039,0.86870002746582,98.1740036010742,6.22399997711182,18.6177005767822,6,51,196,19
"Ixodes pacificus",-201733.026976,-58573.0298748,75.5323028564453,0.73769998550415,108.28800201416,5.69129991531372,18.4337005615234,2,51,194,19
"Ixodes pacificus",-201733.026976,-58573.0298748,75.5323028564453,0.73769998550415,108.28800201416,5.69129991531372,18.4337005615234,2,51,194,19
"Ixodes pacificus",-201733.026976,-58573.0298748,75.5323028564453,0.73769998550415,108.28800201416,5.69129991531372,18.4337005615234,2,51,194,19
"Ixodes pacificus",-202402.258792,-61738.4258134,75.4437026977539,0.583000004291534,140.703002929688,5.80830001831055,17.4587001800537,8,50,187,19
"Ixodes pacificus",-202402.258792,-61738.4258134,75.4437026977539,0.583000004291534,140.703002929688,5.80830001831055,17.4587001800537,8,50,187,19
"Ixodes pacificus",-202402.258792,-61738.4258134,75.4437026977539,0.583000004291534,140.703002929688,5.80830001831055,17.4587001800537,8,50,187,19
"Ixodes pacificus",-202402.258792,-61738.4258134,75.4437026977539,0.583000004291534,140.703002929688,5.80830001831055,17.4587001800537,8,50,187,19
"Ixodes pacificus",-290.465032162,-64817.650454,83.0493011474609,1.05299997329712,104.03800201416,4.93769979476929,16.9612998962402,6,50,167,17
"Ixodes pacificus",-121151.481223,-65375.7415454,70.5913009643555,4.22469997406006,66.4390029907227,4.92500019073486,17.36669921875,6,45,142,24
"Ixodes pacificus",-122058.273756,-65129.111748,71.0640029907227,5.22130012512207,66.3440017700195,4.60400009155273,17.6420001983643,2,46,146,25
"Ixodes pacificus",-121151.481223,-65375.7415454,70.5913009643555,4.22469997406006,66.4390029907227,4.92500019073486,17.36669921875,6,45,142,24
"Ixodes pacificus",-122093.620053,-65128.5967029,71.0640029907227,5.22130012512207,66.3440017700195,4.60400009155273,17.6420001983643,6,46,146,25
"Ixodes pacificus",-122093.620053,-65128.5967029,71.0640029907227,5.22130012512207,66.3440017700195,4.60400009155273,17.6420001983643,6,46,146,25
"Ixodes pacificus",-121177.830959,-65364.2429686,70.5913009643555,4.22469997406006,66.4390029907227,4.92500019073486,17.36669921875,6,45,142,24
"Ixodes pacificus",-198156.753146,-65506.2650542,79.2266998291016,0,115.938003540039,5.44229984283447,19.3803005218506,2,50,188,20
"Ixodes pacificus",-198156.753146,-65506.2650542,79.2266998291016,0,115.938003540039,5.44229984283447,19.3803005218506,2,50,188,20
"Ixodes pacificus",-198156.753146,-65506.2650542,79.2266998291016,0,115.938003540039,5.44229984283447,19.3803005218506,2,50,188,20
"Ixodes pacificus",-199262.369371,-66841.9527017,77.7932968139648,0.686699986457825,159.904998779297,5.96500015258789,17.423999786377,6,50,184,20
"Ixodes pacificus",-199262.369371,-66841.9527017,77.7932968139648,0.686699986457825,159.904998779297,5.96500015258789,17.423999786377,6,50,184,20
"Ixodes pacificus",-199262.369371,-66841.9527017,77.7932968139648,0.686699986457825,159.904998779297,5.96500015258789,17.423999786377,6,50,184,20
"Ixodes pacificus",-199262.369371,-66841.9527017,77.7932968139648,0.686699986457825,159.904998779297,5.96500015258789,17.423999786377,6,50,184,20
"Ixodes pacificus",-199262.369371,-66841.9527017,77.7932968139648,0.686699986457825,159.904998779297,5.96500015258789,17.423999786377,6,50,184,20
"Ixodes pacificus",-199394.462211,-67130.6958539,78.015998840332,0.71069997549057,157.285003662109,5.90000009536743,17.6620006561279,6,50,184,20
"Ixodes pacificus",-199394.462211,-67130.6958539,78.015998840332,0.71069997549057,157.285003662109,5.90000009536743,17.6620006561279,6,50,184,20
"Ixodes pacificus",-197569.085564,-70415.7792875,76.220703125,0.635999977588654,149.714996337891,5.82030010223389,17.2740001678467,6,50,182,20
"Ixodes pacificus",-197569.085564,-70415.7792875,76.220703125,0.635999977588654,149.714996337891,5.82030010223389,17.2740001678467,6,50,182,20
"Ixodes pacificus",-197569.085564,-70415.7792875,76.220703125,0.635999977588654,149.714996337891,5.82030010223389,17.2740001678467,6,50,182,20
"Ixodes pacificus",-197569.085564,-70415.7792875,76.220703125,0.635999977588654,149.714996337891,5.82030010223389,17.2740001678467,6,50,182,20
"Ixodes pacificus",-197569.085564,-70415.7792875,76.220703125,0.635999977588654,149.714996337891,5.82030010223389,17.2740001678467,6,50,182,20
"Ixodes pacificus",-150773.774958,-74513.241803,74.8130035400391,1.72070002555847,100.565002441406,6.27600002288818,15.3262996673584,2,47,151,22
"Ixodes pacificus",-151016.06657,-75682.9418232,76.9132995605469,0,103.890998840332,6.73999977111816,15.7980003356934,2,47,151,22
"Ixodes pacificus",-190695.736598,-76307.0512727,67.7276992797852,8.88799953460693,152.29899597168,5.88770008087158,13.8326997756958,2,49,182,20
"Ixodes pacificus",-190695.736598,-76307.0512727,67.7276992797852,8.88799953460693,152.29899597168,5.88770008087158,13.8326997756958,2,49,182,20
"Ixodes pacificus",-183849.536499,-79378.34245,77.5532989501953,0,109.263999938965,5.46869993209839,18.5037002563477,6,49,182,21
"Ixodes pacificus",-183849.536499,-79378.34245,77.5532989501953,0,109.263999938965,5.46869993209839,18.5037002563477,6,49,182,21
"Ixodes pacificus",-148280.301363,-82177.8783101,73.5979995727539,4.73530006408691,99.0987014770508,5.61429977416992,16.8983001708984,2,46,148,25
"Ixodes pacificus",-148280.301363,-82177.8783101,73.5979995727539,4.73530006408691,99.0987014770508,5.61429977416992,16.8983001708984,2,46,148,25
"Ixodes pacificus",-185666.08278,-84750.7421354,70.0827026367188,0.31029999256134,194.371002197266,4.95930004119873,14.0216999053955,7,49,182,21
"Ixodes pacificus",-185666.08278,-84750.7421354,70.0827026367188,0.31029999256134,194.371002197266,4.95930004119873,14.0216999053955,7,49,182,21
"Ixodes pacificus",-185666.08278,-84750.7421354,70.0827026367188,0.31029999256134,194.371002197266,4.95930004119873,14.0216999053955,7,49,182,21
"Ixodes pacificus",-188219.484907,-85332.1162768,69.4670028686523,8.11629962921143,178.106994628906,6.18300008773804,15.3116998672485,7,49,183,20
"Ixodes pacificus",-188219.484907,-85332.1162768,69.4670028686523,8.11629962921143,178.106994628906,6.18300008773804,15.3116998672485,7,49,183,20
"Ixodes pacificus",-141930.693571,-93305.8886322,80.879997253418,0.0992999970912933,83.9233016967773,5.63770008087158,18.1420001983643,2,45,149,25
"Ixodes pacificus",-129178.739996,-97996.4959621,71.7492980957031,5.18769979476929,89.6313018798828,5.94399976730347,15.0059995651245,6,46,147,24
"Ixodes pacificus",-129178.739996,-97996.4959621,71.7492980957031,5.18769979476929,89.6313018798828,5.94399976730347,15.0059995651245,6,46,147,24
"Ixodes pacificus",-129178.739996,-97996.4959621,71.7492980957031,5.18769979476929,89.6313018798828,5.94399976730347,15.0059995651245,6,46,147,24
"Ixodes pacificus",-129178.739996,-97996.4959621,71.7492980957031,5.18769979476929,89.6313018798828,5.94399976730347,15.0059995651245,6,46,147,24
"Ixodes pacificus",-129178.739996,-97996.4959621,71.7492980957031,5.18769979476929,89.6313018798828,5.94399976730347,15.0059995651245,6,46,147,24
"Ixodes pacificus",-190502.433939,-100906.265913,77.0019989013672,0,310.511993408203,5.24930000305176,14.3826999664307,7,48,189,19
"Ixodes pacificus",-190502.433939,-100906.265913,77.0019989013672,0,310.511993408203,5.24930000305176,14.3826999664307,7,48,189,19
"Ixodes pacificus",-130007.087836,-103426.12734,76.5796966552734,0.731299996376038,97.9929962158203,4.53770017623901,17.7450008392334,6,46,147,24
"Ixodes pacificus",-129688.666157,-103736.133031,76.8470001220703,0.794700026512146,97.9329986572266,4.48999977111816,17.7749996185303,6,46,147,24
"Ixodes pacificus",-192849.482094,-106150.42563,78.0233001708984,0,175.994003295898,5.74429988861084,17.3003005981445,7,47,188,19
"Ixodes pacificus",-184694.272314,-109012.759352,83.1932983398438,0,182.136001586914,5.97669982910156,17.7987003326416,2,49,186,19
"Ixodes pacificus",-184694.272314,-109012.759352,83.1932983398438,0,182.136001586914,5.97669982910156,17.7987003326416,2,49,186,19
"Ixodes pacificus",-169262.257819,-109670.581424,80.7242965698242,0.0822999998927116,131.451995849609,5.60099983215332,18.4283008575439,7,50,187,20
"Ixodes pacificus",-169262.257819,-109670.581424,80.7242965698242,0.0822999998927116,131.451995849609,5.60099983215332,18.4283008575439,7,50,187,20
"Ixodes pacificus",-169262.257819,-109670.581424,80.7242965698242,0.0822999998927116,131.451995849609,5.60099983215332,18.4283008575439,7,50,187,20
"Ixodes pacificus",-170869.99533,-110505.298902,83.4253005981445,0.00130000000353903,123.462997436523,5.8617000579834,18.5832996368408,7,49,186,18
"Ixodes pacificus",-181896.630309,-110329.985193,81.5733032226562,0,144.156005859375,5.84700012207031,18.6723003387451,7,50,186,19
"Ixodes pacificus",-181896.630309,-110329.985193,81.5733032226562,0,144.156005859375,5.84700012207031,18.6723003387451,7,50,186,19
"Ixodes pacificus",-181896.630309,-110329.985193,81.5733032226562,0,144.156005859375,5.84700012207031,18.6723003387451,7,50,186,19
"Ixodes pacificus",-181896.630309,-110329.985193,81.5733032226562,0,144.156005859375,5.84700012207031,18.6723003387451,7,50,186,19
"Ixodes pacificus",-169091.210064,-110978.118419,80.3513031005859,1.79869997501373,119.054000854492,5.90530014038086,18.5172996520996,7,49,186,18
"Ixodes pacificus",-169158.908416,-111162.423784,81.7387008666992,0.614700019359589,118.388000488281,5.8863000869751,18.4629993438721,7,49,186,18
"Ixodes pacificus",-177785.178802,-112491.24967,82.9700012207031,0,113.222999572754,6.70329999923706,18.1977005004883,5,48,186,18
"Ixodes pacificus",-177785.178802,-112491.24967,82.9700012207031,0,113.222999572754,6.70329999923706,18.1977005004883,5,48,186,18
"Ixodes pacificus",-177785.178802,-112491.24967,82.9700012207031,0,113.222999572754,6.70329999923706,18.1977005004883,5,48,186,18
"Ixodes pacificus",152450.39935,-135853.558163,36.9059982299805,19.7947006225586,31.2952995300293,-0.968999981880188,12.7306995391846,3,60,106,12
"Ixodes pacificus",-134132.960189,-138912.971678,75.0970001220703,1.54970002174377,121.774002075195,3.46329998970032,15.144700050354,2,47,144,23
"Ixodes pacificus",-134058.397507,-138602.57374,70.314697265625,5.97130012512207,121.994003295898,3.70429992675781,15.3292999267578,6,47,146,23
"Ixodes pacificus",-133897.59144,-138487.182391,74.7693023681641,1.57829999923706,122.747001647949,3.93729996681213,15.4923000335693,6,47,146,23
"Ixodes pacificus",-133897.59144,-138487.182391,74.7693023681641,1.57829999923706,122.747001647949,3.93729996681213,15.4923000335693,6,47,146,23
"Ixodes pacificus",-133331.956374,-196849.013077,74.1169967651367,7.90299987792969,98.628303527832,3.34929990768433,19.5580005645752,8,50,167,22
"Ixodes pacificus",-133331.956374,-196849.013077,74.1169967651367,7.90299987792969,98.628303527832,3.34929990768433,19.5580005645752,8,50,167,22
"Ixodes pacificus",-133331.956374,-196849.013077,74.1169967651367,7.90299987792969,98.628303527832,3.34929990768433,19.5580005645752,8,50,167,22
"Ixodes pacificus",-133331.956374,-196849.013077,74.1169967651367,7.90299987792969,98.628303527832,3.34929990768433,19.5580005645752,8,50,167,22
"Ixodes pacificus",-133331.956374,-196849.013077,74.1169967651367,7.90299987792969,98.628303527832,3.34929990768433,19.5580005645752,8,50,167,22
"Ixodes pacificus",-133331.956374,-196849.013077,74.1169967651367,7.90299987792969,98.628303527832,3.34929990768433,19.5580005645752,8,50,167,22
"Ixodes pacificus",-133331.956374,-196849.013077,74.1169967651367,7.90299987792969,98.628303527832,3.34929990768433,19.5580005645752,8,50,167,22
"Ixodes pacificus",-133331.956374,-196849.013077,74.1169967651367,7.90299987792969,98.628303527832,3.34929990768433,19.5580005645752,8,50,167,22
"Ixodes pacificus",-97885.147241,-271995.442393,87.7429962158203,1.14370000362396,85.1460037231445,6.89429998397827,17.6196994781494,5,52,187,18
"Ixodes pacificus",-97885.147241,-271995.442393,87.7429962158203,1.14370000362396,85.1460037231445,6.89429998397827,17.6196994781494,5,52,187,18
"Ixodes pacificus",99769.8284237,-348936.1441,55.8349990844727,28.5757007598877,56.682300567627,3.36470007896423,14.6133003234863,2,54,157,27
"Ixodes pacificus",99769.8284237,-348936.1441,55.8349990844727,28.5757007598877,56.682300567627,3.36470007896423,14.6133003234863,2,54,157,27
"Ixodes pacificus",171680.207132,-391888.598394,49.1586990356445,45.4179992675781,40.8559989929199,3.75530004501343,18.121000289917,3,53,142,28
"Ixodes pacificus",99449.0148714,-392292.374793,67.1952972412109,28.762300491333,83.3482971191406,5.26669979095459,17.1583003997803,8,51,157,25
"Ixodes pacificus",-21758.672497,-391996.11366,71.0149993896484,30.1217002868652,91.4773025512695,7.46829986572266,18.9423007965088,8,47,180,19
"Ixodes pacificus",99449.0148714,-392292.374793,67.1952972412109,28.762300491333,83.3482971191406,5.26669979095459,17.1583003997803,8,51,157,25
"Ixodes pacificus",167143.802179,-395808.465621,50.4023017883301,47.8227005004883,47.9373016357422,3.64730000495911,18.7276992797852,7,53,141,29
"Ixodes pacificus",71179.5098081,-413304.104075,69.2269973754883,35.456298828125,80.7163009643555,7.19600009918213,19.7747001647949,8,48,186,21
"Ixodes pacificus",71179.5098081,-413304.104075,69.2269973754883,35.456298828125,80.7163009643555,7.19600009918213,19.7747001647949,8,48,186,21
"Ixodes pacificus",170838.556419,-415004.90395,77.6856994628906,18.2987003326416,125.674003601074,5.44799995422363,16.3083000183105,7,56,154,29
"Ixodes pacificus",170838.556419,-415004.90395,77.6856994628906,18.2987003326416,125.674003601074,5.44799995422363,16.3083000183105,7,56,154,29
"Ixodes pacificus",170838.556419,-415004.90395,77.6856994628906,18.2987003326416,125.674003601074,5.44799995422363,16.3083000183105,7,56,154,29
"Ixodes pacificus",170838.556419,-415004.90395,77.6856994628906,18.2987003326416,125.674003601074,5.44799995422363,16.3083000183105,7,56,154,29
"Ixodes pacificus",226474.984389,-415073.54702,83.0490036010742,4.0132999420166,221.141998291016,2.28399991989136,15.3633003234863,8,53,145,28
"Ixodes pacificus",237977.360999,-416632.282032,87.6043014526367,24.2357006072998,167.005004882812,6.80970001220703,18.8612995147705,5,57,162,26
"Ixodes pacificus",233204.769931,-418229.476681,81.427001953125,24.8563003540039,155.733993530273,6.58099985122681,19.1490001678467,9,55,150,29
"Ixodes pacificus",182128.734466,-424523.365943,86.6827011108398,26.7173004150391,102.323997497559,7.97429990768433,20.4097003936768,8,56,152,29
"Ixodes pacificus",182128.734466,-424523.365943,86.6827011108398,26.7173004150391,102.323997497559,7.97429990768433,20.4097003936768,8,56,152,29
"Ixodes pacificus",101429.270855,-424190.681667,74.2182998657227,30.3316993713379,63.5447006225586,7.4229998588562,20.4747009277344,5,51,180,20
"Ixodes pacificus",182120.674824,-424579.017877,86.6827011108398,26.7173004150391,102.323997497559,7.97429990768433,20.4097003936768,5,56,151,29
"Ixodes pacificus",184591.461208,-424573.773984,78.0906982421875,35.3292999267578,102.322998046875,7.92530012130737,20.3892993927002,8,56,152,29
"Ixodes pacificus",217746.511723,-425594.886517,96.7313003540039,16.6653003692627,108.097999572754,7.47100019454956,19.6317005157471,8,58,165,26
"Ixodes pacificus",135793.433638,-428072.536465,77.6013031005859,27.0419998168945,71.8256988525391,7.92929983139038,21.4930000305176,5,49,164,17
"Ixodes pacificus",101434.115786,-429374.221532,80.1013031005859,26.7553005218506,68.8653030395508,10.1243000030518,20.801700592041,11,50,180,21
"Ixodes pacificus",203319.1916,-429467.326502,75.5650024414062,35.99169921875,83.064697265625,7.7519998550415,21.07200050354,6,53,163,19
"Ixodes pacificus",203319.1916,-429467.326502,75.5650024414062,35.99169921875,83.064697265625,7.7519998550415,21.07200050354,6,53,163,19
"Ixodes pacificus",158341.335888,-430211.448764,74.4852981567383,31.0813007354736,79.1436996459961,9.53299999237061,21.4393005371094,5,50,160,19
"Ixodes pacificus",158341.335888,-430211.448764,74.4852981567383,31.0813007354736,79.1436996459961,9.53299999237061,21.4393005371094,5,50,160,19
"Ixodes pacificus",158341.335888,-430211.448764,74.4852981567383,31.0813007354736,79.1436996459961,9.53299999237061,21.4393005371094,5,50,160,19
"Ixodes pacificus",284880.037299,-431826.476856,54.831298828125,1.3967000246048,113.074996948242,-1.28670001029968,12.7976999282837,6,60,154,24
"Ixodes pacificus",233115.560723,-434731.234468,81.6502990722656,29.8430004119873,69.9037017822266,8.30930042266846,21.4873008728027,5,58,169,26
"Ixodes pacificus",233115.560723,-434731.234468,81.6502990722656,29.8430004119873,69.9037017822266,8.30930042266846,21.4873008728027,5,58,169,26
"Ixodes pacificus",103500.295014,-439393.617138,68.0086975097656,44.5880012512207,77.1699981689453,10.1877002716064,20.3236999511719,6,50,187,21
"Ixodes pacificus",212332.244811,-448586.308787,79.2863006591797,28.2303009033203,71.1232986450195,8.13469982147217,21.3677005767822,5,56,168,27
"Ixodes pacificus",288833.031383,-449727.287899,80.3016967773438,29.2700004577637,69.6567001342773,5.68569993972778,20.3297004699707,5,61,161,33
"Ixodes pacificus",291427.175729,-458186.043845,80.3339996337891,13.8219995498657,84.5319976806641,3.09770011901855,17.7206993103027,5,58,152,37
"Ixodes pacificus",231414.744671,-461261.478068,60.7462997436523,49.1603012084961,48.8553009033203,7.36829996109009,21.2686996459961,5,55,177,30
"Ixodes pacificus",241352.437251,-479329.858957,51.2352981567383,54.9080009460449,49.910701751709,6.80569982528687,20.9073009490967,8,55,172,31
"Ixodes pacificus",313245.214894,-482011.465325,67.2740020751953,13.4610004425049,67.7833023071289,1.61269998550415,15.3427000045776,8,55,153,32
"Ixodes pacificus",313610.073533,-483176.578359,66.7146987915039,17.0837001800537,64.5167007446289,1.84270000457764,15.4289999008179,5,55,152,32
"Ixodes pacificus",202529.743996,-492133.145455,56.1160011291504,52.3973007202148,45.0579986572266,9.52200031280518,19.7873001098633,5,54,191,24
"Ixodes pacificus",202529.743996,-492133.145455,56.1160011291504,52.3973007202148,45.0579986572266,9.52200031280518,19.7873001098633,5,54,191,24
"Ixodes pacificus",202759.006762,-492299.978512,51.673698425293,55.8429985046387,45.6502990722656,9.56369972229004,19.576000213623,2,54,191,24
"Ixodes pacificus",202759.006762,-492299.978512,51.673698425293,55.8429985046387,45.6502990722656,9.56369972229004,19.576000213623,2,54,191,24
"Ixodes pacificus",253400.501928,-492446.351017,58.4679985046387,50.5387001037598,53.4560012817383,7.91099977493286,19.6700000762939,8,55,170,31
"Ixodes pacificus",253025.288731,-494203.953652,72.109001159668,37.9177017211914,59.3997001647949,8.45269966125488,19.3209991455078,6,55,170,31
"Ixodes pacificus",253025.288731,-494203.953652,72.109001159668,37.9177017211914,59.3997001647949,8.45269966125488,19.3209991455078,6,55,170,31
"Ixodes pacificus",253025.288731,-494203.953652,72.109001159668,37.9177017211914,59.3997001647949,8.45269966125488,19.3209991455078,6,55,170,31
"Ixodes pacificus",253025.288731,-494203.953652,72.109001159668,37.9177017211914,59.3997001647949,8.45269966125488,19.3209991455078,6,55,170,31
"Ixodes pacificus",253025.288731,-494203.953652,72.109001159668,37.9177017211914,59.3997001647949,8.45269966125488,19.3209991455078,6,55,170,31
"Ixodes pacificus",253025.288731,-494203.953652,72.109001159668,37.9177017211914,59.3997001647949,8.45269966125488,19.3209991455078,6,55,170,31
"Ixodes pacificus",253266.972106,-494590.728296,72.7639999389648,36.5559997558594,59.3013000488281,8.41030025482178,19.3810005187988,2,55,170,31
"Ixodes pacificus",253266.972106,-494590.728296,72.7639999389648,36.5559997558594,59.3013000488281,8.41030025482178,19.3810005187988,2,55,170,31
"Ixodes pacificus",253266.972106,-494590.728296,72.7639999389648,36.5559997558594,59.3013000488281,8.41030025482178,19.3810005187988,2,55,170,31
"Ixodes pacificus",253266.972106,-494590.728296,72.7639999389648,36.5559997558594,59.3013000488281,8.41030025482178,19.3810005187988,2,55,170,31
"Ixodes pacificus",253266.972106,-494590.728296,72.7639999389648,36.5559997558594,59.3013000488281,8.41030025482178,19.3810005187988,2,55,170,31
"Ixodes pacificus",253025.288731,-494203.953652,72.109001159668,37.9177017211914,59.3997001647949,8.45269966125488,19.3209991455078,6,55,170,31
"Ixodes pacificus",248905.332066,-505084.147553,55.1730003356934,50.690299987793,56.4933013916016,7.92700004577637,20.3997001647949,6,56,170,30
"Ixodes pacificus",248905.332066,-505084.147553,55.1730003356934,50.690299987793,56.4933013916016,7.92700004577637,20.3997001647949,6,56,170,30
"Ixodes pacificus",155097.755023,-516323.375001,-9999,-9999,-9999,-9999,-9999,8,26,119,6
"Ixodes pacificus",234203.153636,-516807.776637,63.0349998474121,46.5182991027832,61.7120018005371,8.95330047607422,19.8010005950928,8,54,193,26
"Ixodes pacificus",154721.050633,-518110.281556,64.3452987670898,37.9980010986328,53.7052993774414,9.94400024414062,18.7353000640869,8,26,119,6
"Ixodes pacificus",154484.500913,-518329.474847,65.4587020874023,37.4679985046387,55.5186996459961,9.7819995880127,18.5072994232178,8,26,119,6
"Ixodes pacificus",248638.165682,-520393.510162,66.8332977294922,38.1733016967773,55.6693000793457,7.98530006408691,20.3840007781982,8,56,182,28
"Ixodes pacificus",325126.086509,-553723.273717,55.1432991027832,9.70829963684082,134.391998291016,0.644699990749359,12.9207000732422,2,57,160,33
"Ixodes pacificus",325126.086509,-553723.273717,55.1432991027832,9.70829963684082,134.391998291016,0.644699990749359,12.9207000732422,2,57,160,33
"Ixodes pacificus",321338.611278,-557741.142599,82.1626968383789,0.824999988079071,133.110992431641,1.95500004291534,14.5876998901367,7,56,162,33
"Ixodes pacificus",324005.205919,-569332.381937,64.2173004150391,18.6723003387451,107.697998046875,1.6143000125885,16.5930004119873,6,56,158,34
"Ixodes pacificus",324005.205919,-569332.381937,64.2173004150391,18.6723003387451,107.697998046875,1.6143000125885,16.5930004119873,6,56,158,34
